"C:\Yousra\Masters\CS7641 - MachineLearning\Assignment1\venv\Scripts\python.exe" "C:/Yousra/Masters/CS7641 - MachineLearning/Assignment1/main.py"
******************************************************

DecisionTree

DIABETES
[0.84615385 0.88461538 0.92948718 0.96153846 0.98717949 0.98717949
 0.99358974 1.         1.         1.         1.         1.
 1.         1.         1.         1.         1.         1.
 1.         1.         1.         1.         1.         1.
 1.         1.         1.         1.         1.        ]
[0.79383562 0.84341705 0.9010274  0.89824962 0.92576104 0.93942161
 0.94771689 0.94490107 0.94490107 0.94490107 0.94490107 0.94490107
 0.94490107 0.94490107 0.94490107 0.94490107 0.94490107 0.94490107
 0.94490107 0.94490107 0.94490107 0.94490107 0.94490107 0.94490107
 0.94490107 0.94490107 0.94490107 0.94490107 0.94490107]

PD_SPEECH_FEATURES
[0.79295154 0.85903084 0.88986784 0.9339207  0.96475771 0.96475771
 0.99118943 1.         1.         1.         1.         1.
 1.         1.         1.         1.         1.         1.
 1.         1.         1.         1.         1.         1.
 1.         1.         1.         1.         1.        ]
[0.76005391 0.81662174 0.81854447 0.79965858 0.78821204 0.78260557
 0.77309973 0.77306379 0.77308176 0.771177   0.77495058 0.76176101
 0.7636478  0.7636478  0.7636478  0.7636478  0.7636478  0.7636478
 0.7636478  0.7636478  0.7636478  0.7636478  0.7636478  0.7636478
 0.7636478  0.7636478  0.7636478  0.7636478  0.7636478 ]
******************************************************

SupportVectorMachines

DIABETES
[1.         0.99358974 0.99358974 0.98717949 0.82692308 0.66666667]
[0.96423135 0.96423135 0.96700913 0.96971081 0.90372907 0.59341705]
[0.66666667 0.77564103]
[0.59341705 0.85692542]

PD_SPEECH_FEATURES
[1.         1.         1.         0.91189427 0.70044053 0.70044053]
[0.86204852 0.86204852 0.86204852 0.85825696 0.76560647 0.76560647]
[0.70044053 0.97356828]
[0.76560647 0.82422282]
******************************************************

KNearestNeighbor

DIABETES
[1.         0.95512821 0.95512821 0.91025641 0.92307692 0.91666667
 0.94871795 0.91025641 0.92307692 0.92307692 0.92948718 0.91025641
 0.91666667 0.91666667 0.91025641 0.85897436 0.84615385 0.85897436
 0.8525641  0.8525641  0.83333333 0.84615385 0.83333333 0.83333333
 0.86538462 0.84615385 0.8525641  0.83974359 0.84615385]
[0.94771689 0.90924658 0.93124049 0.88721461 0.89265601 0.87895738
 0.88173516 0.88721461 0.88995434 0.87347793 0.87895738 0.8652207
 0.87895738 0.86518265 0.86518265 0.85696347 0.86518265 0.85422374
 0.8597032  0.85422374 0.8597032  0.85696347 0.85696347 0.85144597
 0.85144597 0.84322679 0.85144597 0.84870624 0.85422374]

PD_SPEECH_FEATURES
[1.         0.92951542 0.91189427 0.88986784 0.85903084 0.86343612
 0.83700441 0.83700441 0.82819383 0.84581498 0.81938326 0.82378855
 0.83259912 0.83259912 0.81938326 0.81497797 0.81497797 0.81497797
 0.8061674  0.81497797 0.81497797 0.8061674  0.79295154 0.79295154
 0.79735683 0.80176211 0.79735683 0.80176211 0.78854626]
[0.91114106 0.88461815 0.86010782 0.84312668 0.84506739 0.83937107
 0.84699012 0.83556155 0.82618149 0.82424079 0.82806828 0.82803235
 0.83180593 0.83554358 0.83559748 0.82991914 0.8318239  0.83746631
 0.81856244 0.8204133  0.81478886 0.8185265  0.81475292 0.8204133
 0.81286613 0.8185265  0.81286613 0.82420485 0.80718778]
******************************************************

AdaBoost

DIABETES
[1. 1. 1. 1. 1. 1. 1. 1. 1. 1.]
[0.96423135 0.96700913 0.95597412 0.95597412 0.95597412 0.95597412
 0.95597412 0.95597412 0.9532344  0.9532344 ]

PD_SPEECH_FEATURES
[1. 1. 1. 1. 1. 1. 1. 1. 1. 1.]
[0.87525606 0.87908356 0.88474394 0.8866487  0.88474394 0.8866487
 0.88663073 0.89042228 0.89230907 0.89042228]
******************************************************

NeuralNetwork

DIABETES
[0.99358974 1.        ]
[0.95057078 0.95327245]
[1.         1.         0.99358974 0.99358974]
[0.95327245 0.93957382 0.94775495 0.95878995]
[0.99358974 0.99358974 0.70512821]
[0.95878995 0.94783105 0.67899543]

PD_SPEECH_FEATURES
[1.         0.31718062]
[0.85633423 0.72377358]
[0.31277533 0.31718062 0.33039648 0.70044053]
[0.63061995 0.72377358 0.73919137 0.66560647]
[1.         1.         0.70044053]
[0.85642408 0.8582929  0.66560647]

Process finished with exit code 0
